[gd_scene load_steps=6 format=3 uid="uid://bpvjgk3kshxmu"]

[ext_resource type="PackedScene" uid="uid://8m6tuw046wn5" path="res://Prefabs/Interactible/DeathTroll/death_troll.tscn" id="1_65hm7"]
[ext_resource type="PackedScene" uid="uid://jvesylio1e8a" path="res://Player/player.tscn" id="1_kwyuf"]

[sub_resource type="ProceduralSkyMaterial" id="ProceduralSkyMaterial_65hm7"]
sky_horizon_color = Color(0.662243, 0.671743, 0.686743, 1)
ground_horizon_color = Color(0.662243, 0.671743, 0.686743, 1)

[sub_resource type="Sky" id="Sky_bkjif"]
sky_material = SubResource("ProceduralSkyMaterial_65hm7")

[sub_resource type="Environment" id="Environment_ypjce"]
background_mode = 2
sky = SubResource("Sky_bkjif")
tonemap_mode = 2
glow_enabled = true

[node name="Level1" type="Node3D"]

[node name="WorldEnvironment" type="WorldEnvironment" parent="."]
environment = SubResource("Environment_ypjce")

[node name="DirectionalLight3D" type="DirectionalLight3D" parent="."]
transform = Transform3D(-0.866023, -0.433016, 0.250001, 0, 0.499998, 0.866027, -0.500003, 0.749999, -0.43301, 0, 0, 0)
shadow_enabled = true

[node name="Maps" type="Node3D" parent="."]
transform = Transform3D(1.3, 0, 0, 0, 1.3, 0, 0, 0, 1.3, 0, 0, 0)

[node name="Marker3D" type="Marker3D" parent="Maps"]

[node name="CSGBox3D" type="CSGBox3D" parent="Maps/Marker3D"]
transform = Transform3D(1, 0, 0, 0, 1, 0, 0, 0, 1, 0, -0.5, 0)
size = Vector3(23, 1, 23)

[node name="CSGBox3D2" type="CSGBox3D" parent="Maps/Marker3D"]
transform = Transform3D(0.999998, -0.00207786, 0.000509838, 0.00207769, 0.999998, 0.00032666, -0.000510511, -0.000325607, 1, 0, 2.25, 0)
size = Vector3(9, 4.5, 9)

[node name="CSGBox3D3" type="CSGBox3D" parent="Maps/Marker3D/CSGBox3D2"]
transform = Transform3D(0.999998, 0.00207769, -0.000510516, -0.00207786, 0.999998, -0.0003256, 0.000509833, 0.000326667, 1, -0.00207769, -0.999998, -0.000326667)
operation = 2
size = Vector3(3, 2.5, 10)

[node name="CSGCylinder3D" type="CSGCylinder3D" parent="Maps/Marker3D/CSGBox3D2/CSGBox3D3"]
transform = Transform3D(1, 0, 0, 0, -4.37114e-08, 1, 0, -1, -4.37114e-08, 0, 1.25323, 0)
radius = 1.5
height = 10.0
sides = 16

[node name="CSGBox3D4" type="CSGBox3D" parent="Maps/Marker3D/CSGBox3D2"]
transform = Transform3D(0.00155022, 0.00338807, 0.999993, -0.00569591, 0.999978, -0.0033792, -0.999983, -0.00569063, 0.00156946, -0.00207769, -0.999998, -0.000326667)
operation = 2
size = Vector3(3, 2.5, 10)

[node name="CSGCylinder3D" type="CSGCylinder3D" parent="Maps/Marker3D/CSGBox3D2/CSGBox3D4"]
transform = Transform3D(1, 0, 0, 0, -4.37114e-08, 1, 0, -1, -4.37114e-08, 0, 1.25323, 0)
radius = 1.5
height = 10.0
sides = 16

[node name="DeathTroll" parent="Maps/Marker3D" instance=ExtResource("1_65hm7")]
transform = Transform3D(0.769231, 0, 0, 0, 0.769231, 0, 0, 0, 0.769231, 0, -24.5, 0)

[node name="Player" parent="." node_paths=PackedStringArray("level_can_be_scratch") instance=ExtResource("1_kwyuf")]
transform = Transform3D(1, 0, 0, 0, 1, 0, 0, 0, 1, 0, 1, 7)
level_can_be_scratch = NodePath("../Maps")
